0 186.834
1 36.259
2 36.259
3 36.259
4 36.259
5 104.082
6 228.159
7 244.341
8 244.341
9 75.9959
10 75.9959
11 26.082
12 112.343
14 57.7694
15 57.7694
16 57.7694
17 10.432
18 45.2224
19 8.91502
20 8.91502
21 8.91502
22 8.91502
23 8.91502
24 8.91502
25 12.7801
26 12.7801
27 36.5669
28 36.5669
29 36.5669
30 32.4865
31 32.4865
32 32.4865
33 32.4865
34 32.4865
35 32.4865
36 36.8905
37 35.2424
38 35.2424
39 35.2424
40 35.2424
41 35.2424
42 32.4086
43 42.7771
44 42.7771
45 35.0511
46 35.0511
47 35.0511
48 40.4903
49 40.4903
