0 31.1044
1 31.1044
2 31.1044
3 31.1044
4 31.1044
5 31.1044
6 31.1044
7 31.1044
8 31.1044
9 31.1044
10 31.1044
11 31.1044
12 31.1044
13 31.1044
14 31.1044
15 31.1044
16 31.1044
17 31.1044
18 31.1044
19 31.1044
20 31.1044
21 31.1044
22 31.1044
23 31.1044
24 31.1044
25 31.1044
26 31.1044
27 31.1044
28 31.1044
29 31.1044
30 31.1044
31 31.1044
32 31.1044
33 31.1044
34 31.1044
35 31.1044
36 30.6337
37 30.6337
38 30.6337
39 30.6201
40 30.6201
41 30.6201
42 30.6201
43 30.6201
44 30.6201
45 30.6201
46 30.6201
47 30.6201
48 30.6201
49 30.5711
