0 -0.925239
1 -0.925239
2 -0.925239
3 -1.03795
4 -1.11381
5 -1.11381
6 -1.11381
7 -1.15503
8 -1.27282
9 -1.27282
10 -1.27282
11 -1.27282
12 -1.34308
13 -1.47333
14 -1.47333
15 -1.58141
16 -1.67075
17 -1.69357
18 -1.72457
19 -1.72457
20 -1.72457
21 -1.76486
22 -1.92132
23 -1.97922
24 -2.07645
25 -2.07645
26 -2.14951
27 -2.1802
28 -2.23918
29 -2.3103
30 -2.422
31 -2.46004
32 -2.46004
33 -2.46004
34 -2.46004
35 -2.46004
36 -2.47931
37 -2.47931
38 -2.54562
39 -2.54562
40 -2.60448
41 -2.60448
42 -2.61505
43 -2.61505
44 -2.61505
45 -2.65206
46 -2.67354
47 -2.75457
48 -2.8056
49 -2.8056
