0 -1.43361
1 -1.25521
2 -0.708993
3 -0.645455
4 -0.508728
5 -0.348743
6 -0.145725
7 -0.822464
8 -1.09745
9 -0.841736
10 -1.74123
11 -2.36161
12 -1.91593
13 -1.11248
14 -0.841419
15 -1.21529
16 -1.50279
17 -1.4335
18 -0.0486769
19 -0.0776663
20 -0.0096261
21 -0.661852
22 -0.421264
23 -0.294497
24 -0.0418521
25 -0.218437
26 -0.151868
27 -0.280016
28 -0.403213
29 -0.310377
30 -0.355054
31 -0.0980438
32 -0.170318
33 -0.462743
34 -0.433223
35 -0.348202
36 -0.123123
37 -0.0674804
38 -0.619268
39 -0.579755
40 -0.140679
41 -0.0894426
42 -0.187782
43 -0.127023
44 -0.588283
45 -0.00508286
46 -0.223666
47 -0.0117209
48 -0.240554
49 -0.0760947
