0 17334.8
1 17334.8
2 17334.8
3 17334.8
4 9364.74
5 7759.94
6 7449.65
7 7449.65
8 7449.65
9 7449.65
10 7449.65
11 7449.65
12 7449.65
13 7449.65
14 7449.65
15 6892.96
16 6892.96
17 6892.96
18 6892.96
19 6892.96
20 4109.03
21 3827.92
22 3827.92
23 3827.92
24 3827.92
25 3043.83
26 3043.83
27 3043.83
28 2869.17
29 2869.17
30 2742.41
31 2742.41
32 2742.41
33 2402.34
34 2402.34
35 2319.77
36 1966.18
37 1966.18
38 1966.18
39 1966.18
40 1918.29
41 1328.81
42 1295.24
43 1295.24
44 1244.45
45 1069.09
46 1069.09
47 914.126
48 878.833
49 712.553
50 709.605
51 635.737
52 635.737
53 632.217
54 451.91
55 451.91
56 398.09
57 398.09
58 241.039
59 206.22
60 205.203
61 205.203
62 205.203
63 205.203
64 205.203
65 205.203
66 205.203
67 156.124
68 99.1529
69 72.8092
70 72.8092
71 31.9474
72 31.9474
73 31.9474
74 31.9474
75 31.9474
76 31.9474
77 31.9474
78 23.5455
79 23.5455
80 11.0465
81 7.56127
82 7.56127
83 5.49569
84 3.37936
85 3.37936
86 3.37936
87 3.37936
88 3.37936
89 3.37936
90 3.37936
91 3.37936
92 3.37936
93 3.37936
94 3.37936
95 3.37936
96 3.37936
97 3.37936
98 3.37936
99 3.37936
