0 -0.121127
1 -0.0451161
2 -0.620575
3 -0.623515
4 -0.303515
5 -0.0225919
6 -0.00552394
7 -0.0300497
8 -0.00386528
9 -0.0676259
10 -0.548922
11 -0.569812
12 -0.190688
13 -0.096324
14 -0.444656
15 -0.78584
16 -0.549903
17 -0.941277
18 -2.00908
19 -1.75821
20 -1.23713
21 -1.37073
22 -1.78226
23 -2.27023
24 -2.43129
25 -3.97898
26 -1.76612
27 -0.517328
28 -0.977825
29 -1.70798
30 -1.8963
31 -2.51813
32 -1.35969
33 -1.86149
34 -0.3103
35 -0.25035
36 -0.235141
37 -0.630147
38 -0.715651
39 -0.618452
40 -0.949696
41 -2.88241
42 -3.57261
43 -3.57261
44 -2.16228
45 -1.96484
46 -2.15265
47 -1.31003
48 -0.291616
49 -0.604376
50 -1.27805
51 -1.37343
52 -2.65144
53 -2.20697
54 -0.77702
55 -0.747932
56 -0.00905403
57 -1.72057
58 -2.8122
60 -2.84002
61 -2.68756
62 -0.927722
63 -1.56182
64 -1.9981
65 -1.83373
66 -0.210068
67 -2.37191
68 -1.85593
69 -1.68293
70 -1.87957
71 -0.674824
72 -1.23089
73 -2.45153
74 -1.09808
75 -0.693716
76 -0.316955
77 -1.31828
78 -0.437267
79 -0.819697
80 -2.89214
81 -2.42369
82 -2.91914
83 -0.080251
84 -1.52271
85 -0.656159
86 -0.482552
87 -0.120957
88 -0.97119
89 -0.146738
90 -0.00475971
91 -0.194414
92 -0.846046
93 -1.13825
94 -3.92191
95 -5.00627
97 -4.18769
98 -2.29651
99 -0.790606
