0 -0.0404543
1 -0.0687058
2 -0.112624
3 -0.112624
4 -0.112624
5 -0.149849
6 -0.149849
7 -0.149849
8 -0.149849
9 -0.149849
10 -0.17231
11 -0.202682
12 -0.202682
13 -0.202682
14 -0.220605
15 -0.247345
16 -0.247345
17 -0.247345
18 -0.247345
19 -0.314935
20 -0.377231
21 -0.408421
22 -0.436985
23 -0.436985
24 -0.436985
25 -0.52866
26 -0.530449
27 -0.530449
28 -0.583125
29 -0.626089
30 -0.626089
31 -0.626089
32 -0.63719
33 -0.63719
34 -0.63719
35 -0.67258
36 -0.719077
37 -0.749173
38 -0.792322
39 -0.988621
40 -0.988621
41 -0.988621
42 -0.988621
43 -1.12137
44 -1.14704
45 -1.14704
46 -1.15778
47 -1.15778
48 -1.15778
49 -1.15778
50 -1.27146
51 -1.38594
52 -1.40455
53 -1.40455
54 -1.40455
55 -1.43606
56 -1.43606
57 -1.43606
58 -1.44876
59 -1.44876
60 -1.44876
61 -1.44876
62 -1.45674
63 -1.45674
64 -1.45674
65 -1.46223
66 -1.46223
67 -1.46223
68 -1.63868
69 -1.63868
70 -1.77111
71 -1.79769
72 -1.8072
73 -1.83671
74 -1.83671
75 -1.9378
76 -1.9378
77 -1.9378
78 -1.9378
79 -1.9378
80 -1.94014
81 -1.9411
82 -1.9411
83 -1.9411
84 -1.9411
85 -1.9411
86 -1.94159
87 -1.94159
88 -1.94159
89 -2.02972
90 -2.02972
91 -2.02972
92 -2.12814
93 -2.12814
94 -2.12969
95 -2.12969
96 -2.12969
97 -2.12969
98 -2.12969
99 -2.16593
