0 49889.3
1 49889.3
2 49889.3
3 49889.3
4 17956.2
5 17956.2
6 7500.11
7 7500.11
8 7500.11
9 2062.85
10 2062.85
11 2062.85
12 2062.85
14 2062.85
15 1899.58
16 1899.58
17 1899.58
18 1899.58
19 1899.58
20 1899.58
21 1899.58
23 1899.58
24 1899.58
25 1899.58
26 1899.58
27 356.11
28 356.11
29 356.11
30 356.11
32 356.11
33 356.11
34 312.301
35 312.301
36 26.1039
37 26.1039
38 26.1039
39 26.1039
40 26.1039
41 26.1039
42 26.1039
43 26.1039
44 26.1039
45 15.1799
46 15.1799
47 15.1799
48 15.1799
49 15.1799
50 50.317
51 44.3339
52 44.3339
53 13.7092
54 13.7092
55 13.7092
56 5.01434
57 5.01434
58 5.01434
59 5.01434
60 12.9279
61 12.9279
62 12.9279
63 12.9279
64 12.9279
65 12.9279
66 12.9279
67 12.9279
68 12.9279
69 3.94589
70 3.94589
71 3.94589
72 3.94589
73 3.94589
74 3.94589
75 3.94589
76 3.94589
77 3.94589
78 3.94589
79 3.94589
80 3.94589
81 3.94589
82 3.94589
83 3.94589
84 3.94589
85 3.94589
86 3.94589
87 3.94589
88 3.94589
89 20.8271
90 20.8271
91 20.8271
92 20.8271
93 20.8271
94 20.8271
95 20.9122
96 12.6229
97 12.6229
98 12.6229
99 12.6229
